140.642
140.354
142.604
141.367
139.914
158.635
143.636
141.184
141.574
164.029
165.037
142.789
137.353
162.764
142.044
138.983
153.443
142.897
164.212
140.096
137.061
141.291
142.573
140.994
142.128
140.210
154.872
140.083
139.483
136.773
164.953
141.098
141.741
151.821
139.148
147.148
142.263
147.293
139.491
164.535
143.267
141.169
204.579
188.091
138.216
138.914
143.062
136.569
141.845
181.241
141.989
141.318
144.869
144.303
176.330
140.688
141.308
141.809
149.309
138.357
141.127
149.425
172.608
140.713
142.302
183.597
136.709
141.152
142.813
148.477
140.560
139.732
142.419
140.512
139.010
147.016
138.856
139.189
139.965
185.772
142.442
147.691
145.649
140.838
143.470
141.016
160.858
141.071
138.876
141.061
137.524
143.154
160.010
156.907
143.533
144.195
140.965
142.467
155.999
162.639
142.032
139.983
139.111
143.017
145.883
156.698
140.245
143.341
139.117
146.509
140.593
165.967
142.392
140.912
141.756
140.663
140.981
139.873
148.332
199.585
157.397
136.774
143.676
139.002
154.412
142.329
142.633
142.826
169.252
136.817
141.214
142.911
137.833
140.436
141.064
150.232
144.720
145.022
137.285
140.314
154.714
140.356
139.189
137.582
139.339
141.762
144.399
140.491
142.990
138.311
145.563
142.226
140.881
140.683
144.010
165.378
144.578
140.081
139.376
141.499
136.958
142.978
143.254
150.045
141.678
141.558
178.319
142.465
139.397
137.118
146.508
138.792
158.324
152.369
135.987
133.680
141.227
133.947
137.865
137.249
141.189
139.315
138.135
136.318
146.968
137.225
149.498
137.541
133.747
184.221
139.495
143.576
140.359
143.242
141.782
141.713
136.509
143.575
142.587
150.757
142.533
300.613
137.548
136.428
143.202
133.799
133.874
138.622
135.981
141.770
137.824
133.789
164.830
141.523
146.629
140.726
137.271
138.861
144.743
137.736
133.744
143.100
134.240
142.140
162.828
138.007
146.076
134.778
143.713
137.705
142.896
141.748
141.961
145.932
142.604
155.804
142.051
148.629
143.167
144.150
143.519
141.836
174.006
137.005
143.055
143.927
154.732
134.332
150.084
135.550
157.478
136.826
146.032
141.792
143.292
136.410
137.841
151.106
143.625
136.701
142.207
143.321
137.054
139.919
143.399
152.640
136.887
137.191
148.088
141.810
141.605
143.243
140.775
137.378
138.323
173.961
139.750
140.312
176.804
142.328
143.216
139.399
173.745
142.649
140.954
139.478
139.161
137.137
164.509
157.653
145.216
143.434
141.642
137.665
139.678
142.247
140.761
150.139
141.194
143.263
142.205
137.288
140.801
142.237
139.476
144.109
139.648
141.920
155.524
143.890
143.401
137.498
144.823
143.280
141.787
139.204
134.077
139.885
134.399
144.711
139.076
142.921
135.587
137.588
135.512
135.984
141.833
234.476
142.595
142.962
141.683
138.795
139.462
137.736
139.719
143.931
142.915
135.871
140.614
140.713
145.467
133.962
143.297
295.360
134.514
137.737
137.670
144.341
141.564
142.284
139.543
166.933
197.975
144.250
143.085
134.511
166.518
143.072
144.939
162.813
144.663
173.545
141.905
139.684
139.435
148.011
140.210
141.913
146.532
141.009
136.596
138.036
139.582
138.386
145.342
136.798
138.050
164.102
184.957
143.036
141.902
141.654
142.313
148.754
139.534
143.216
136.953
141.813
134.963
141.427
135.680
134.533
137.995
134.457
143.134
136.583
149.278
139.954
158.509
139.113
141.638
138.668
138.167
138.032
137.710
138.016
143.553
138.651
151.747
142.961
143.026
134.361
138.062
141.705
145.841
143.152
143.245
136.934
143.360
139.194
139.182
136.982
137.090
141.591
143.298
136.837
137.029
134.469
141.509
134.527
141.648
137.408
143.172
136.042
142.963
134.902
137.586
142.967
162.135
139.782
137.159
133.570
137.308
133.559
168.942
143.085
136.549
139.199
138.021
163.022
136.760
137.483
141.590
137.529
139.457
139.334
143.188
141.894
147.419
169.908
143.628
147.344
141.525
137.422
141.762
145.446
139.676
139.810
143.404
139.321
142.164
142.578
142.108
140.732
139.361
207.239
162.128
141.091
137.805
141.182
140.320
139.701
138.133
137.344
137.974
139.653
139.870
204.310
139.765
143.113
143.336
144.058
140.371
143.631
137.213
161.547
142.772
139.733
142.077
137.408
140.717
178.227
139.500
140.553
141.096
137.455
143.000
141.890
148.993
141.043
140.913
140.713
141.618
144.193
141.626
301.673
142.983
141.792
137.699
137.172
143.039
143.313
138.169
139.149
145.601
136.760
137.551
136.226
137.848
137.375
141.049
138.761
144.882
138.787
163.567
137.309
136.463
136.027
133.981
134.136
137.496
141.111
182.627
153.664
137.669
142.455
142.741
139.500
136.405
146.417
134.303
137.427
139.596
159.671
142.638
146.995
136.137
142.575
174.153
137.902
142.456
138.772
138.263
142.694
180.723
139.998
140.064
138.509
138.965
159.898
143.007
141.233
175.919
136.737
139.037
143.873
140.196
140.478
142.519
141.510
140.785
140.976
141.201
145.770
145.270
141.435
141.411
141.203
142.457
139.172
141.979
141.205
140.764
138.759
159.080
140.970
139.086
141.159
140.443
142.611
142.852
137.503
138.672
136.754
144.019
139.180
141.020
140.117
197.634
142.730
142.424
136.696
141.074
142.680
141.858
136.816
142.140
139.664
138.587
140.100
141.131
139.277
140.249
141.503
143.151
142.138
149.928
139.096
138.756
140.076
146.698
151.488
140.865
138.763
138.330
142.843
138.957
142.427
136.506
142.330
139.089
138.624
143.520
140.056
138.725
162.446
141.595
136.848
142.542
140.185
140.515
139.488
139.142
145.273
136.657
150.153
143.799
142.748
149.112
141.257
142.634
158.326
150.887
142.891
142.417
140.306
139.047
168.877
142.323
139.269
140.731
147.870
141.038
136.702
141.571
142.645
140.795
141.129
139.439
141.381
136.964
141.854
136.796
136.617
141.300
141.456
141.097
137.426
146.163
139.478
140.393
141.215
142.290
140.977
143.238
136.877
138.676
136.904
139.284
141.251
139.145
146.024
140.287
141.830
143.337
141.616
199.910
141.029
142.359
140.904
138.828
140.400
165.151
136.576
148.329
140.244
140.919
139.119
140.580
140.665
138.743
139.675
141.004
138.980
141.195
161.982
140.618
136.707
136.685
141.216
140.317
142.265
197.257
138.879
151.664
138.928
142.779
169.382
143.247
142.299
161.001
138.983
138.715
142.181
138.889
166.614
143.466
139.957
161.123
178.631
140.331
139.093
142.589
142.261
142.359
138.667
143.582
197.293
140.526
137.426
141.094
139.480
147.593
142.338
139.827
142.616
133.703
226.942
139.101
139.219
142.358
142.152
142.464
139.272
138.996
159.986
136.107
141.123
136.162
143.225
146.514
138.384
136.686
151.095
140.864
142.133
172.917
133.737
167.041
143.743
141.931
139.150
138.565
136.200
291.264
146.026
133.774
142.411
136.342
138.951
138.853
138.020
138.341
142.580
137.371
137.040
145.753
215.800
141.404
142.438
137.200
139.198
142.445
137.684
138.287
141.344
143.649
142.469
136.267
150.153
141.049
142.220
136.038
134.963
162.779
135.177
133.655
138.815
137.658
141.607
134.432
138.751
142.502
141.109
138.028
138.878
141.144
143.120
162.663
142.879
137.817
142.259
141.179
191.587
137.808
142.329
138.723
141.053
138.648
136.790
137.820
137.315
138.583
142.891
133.825
161.741
141.144
141.274
166.528
138.643
141.110
142.962
140.993
142.735
141.138
137.203
136.067
185.874
142.036
141.855
146.647
182.994
203.368
136.142
142.642
144.200
135.725
139.537
137.371
138.775
141.094
140.192
141.217
133.796
142.837
141.023
141.100
137.328
144.638
141.058
142.200
143.583
134.035
144.142
142.433
137.834
138.599
136.246
138.210
150.544
141.524
138.970
142.470
134.473
133.698
158.755
137.214
137.465
142.632
133.790
139.298
148.397
137.305
136.541
137.070
137.582
141.147
133.938
138.671
136.272
140.862
197.754
137.869
137.542
138.853
138.563
138.676
151.975
137.173
141.106
403.226
135.415
141.102
142.570
135.180
139.071
133.787
136.346
159.518
141.067
142.494
137.581
133.554
142.866
143.501
135.721
136.060
137.520
142.725
135.971
138.868
142.443
143.693
134.576
141.505
136.234
137.151
138.834
138.583
142.081
137.330
143.081
145.253
137.485
138.566
134.399
135.367
164.210
137.091
138.351
137.845
137.486
140.976
135.584
138.595
137.551
161.099
141.299
137.381
137.517
137.297
135.640
138.624
136.138
138.582
142.390
133.802
148.586
137.255
136.109
141.086
137.401
142.706
141.390
141.273
133.790
138.957
135.944
137.248
139.103
137.614
133.640
133.862
139.077
139.808
138.574
133.842
141.346
139.401
134.949
137.260
137.425
143.037
136.575
140.946
136.957
143.129
137.310
133.583
138.852
141.318
142.354
142.220
183.003
141.046
141.318
136.914
136.581
137.385
133.882
137.556
136.168
137.554
138.841
136.001
137.523
142.502
136.550
142.330
137.664
152.273
141.291
142.592
140.919
133.836
137.341
136.226
134.919
137.366
141.045
140.879
141.209
142.452
141.516
137.417
141.453
137.538
142.730
142.312
136.150
168.535
141.221
138.752
137.332
137.747
137.821
200.758
138.559
144.679
136.446
133.978
143.627
143.391
141.122
194.100
150.129
143.449
137.009
138.961
135.822
145.965
141.533
137.643
140.959
133.578
134.688
138.792
167.703
134.300
136.460
142.498
141.336
138.679
141.164
143.791
140.947
133.868
139.021
142.450
137.171
142.326
141.220
134.332
134.565
135.934
136.230
134.757
144.094
141.178
136.118
133.878
136.091
137.461
138.773
141.044
137.350
171.512
133.884
142.350
141.903
135.176
138.417
165.911
142.808
154.480
135.839
136.092
137.806
138.751
135.571
157.160
133.172
140.984
171.165
156.658
143.297
135.206
141.274
138.771
142.831
135.075
140.982
137.148
136.845
140.730
141.031
137.494
140.842
138.738
136.752
133.867
141.230
159.745
138.848
168.520
142.410
142.190
136.761
142.443
142.682
133.488
142.115
135.948
142.262
140.958
163.024
137.039
133.826
132.908
155.577
136.442
136.852
139.564
135.711
133.570
142.134
142.512
141.113
137.212
162.778
141.325
133.865
141.023
158.029
137.237
142.793
136.532
201.355
142.723
140.629
154.259
138.677
134.998
142.402
133.433
135.481
136.974
136.752
136.639
137.612
133.096
141.194
148.419
167.718
135.995
134.840
138.940
133.008
136.880
142.450
135.592
143.131
133.155
142.968
142.450
133.158
297.975
135.506
138.965
137.045
133.223
146.554
140.844
132.991
140.921
136.041
141.824
135.577
142.628
136.774
133.197
140.998
142.684
136.749
141.333
142.602
142.275
133.460
142.999
136.734
180.365
135.653
141.237
138.808
195.985
133.671
142.740
142.114
142.703
135.736
137.040
135.798
137.144
137.757
133.751
136.782
142.502
155.379
148.075
138.383
142.553
140.928
143.519
142.394
137.599
142.416
141.377
174.240
137.010
133.310
141.185
140.912
138.830
167.090
177.369
200.024
229.635
142.476
142.656
135.351
142.366
138.843
140.791
136.888
135.247
141.207
135.751
143.648
227.337
135.463
138.837
135.284
154.142
138.799
133.053
133.472
135.391
137.304
141.575
142.404
138.243
142.349
137.188
135.462
136.653
136.757
155.641
141.362
199.394
136.727
148.350
165.744
138.822
141.113
136.732
139.684
133.197
141.296
141.052
143.029
141.025
159.659
138.788
142.943
135.998
156.372
138.819
142.437
142.584
141.601
137.408
142.499
136.921
136.784
139.910
138.830
141.606
142.471
141.134
199.798
140.143
156.679
140.510
168.464
143.257
141.126
142.564
140.865
142.092
166.314
139.619
150.671
142.937
141.368
142.899
139.030
138.697
139.525
136.566
136.590
139.789
136.730
140.599
163.375
144.074
138.957
143.234
140.503
142.557
152.677
132.988
161.103
136.969
141.331
242.352
147.535
168.525
155.266
142.151
147.324
135.236
139.123
143.294
145.252
167.264
139.391
138.687
142.665
135.378
142.546
137.070
138.891
142.872
135.715
137.057
141.144
142.344
142.575
136.661
133.501
138.666
142.421
141.640
137.724
135.416
135.776
133.184
142.415
133.140
302.565
133.262
142.359
161.563
207.325
133.229
142.685
142.625
142.661
133.257
141.296
136.892
140.882
136.808
138.027
142.464
135.542
142.143
135.861
141.117
137.687
136.271
133.166
136.928
135.323
137.272
141.077
138.801
142.713
142.487
134.402
176.147
133.032
138.619
133.461
141.299
133.669
140.967
143.666
141.087
135.544
142.728
136.802
138.760
142.595
142.261
141.696
151.064
136.809
139.152
139.317
133.014
141.402
136.375
135.518
133.823
159.283
140.901
136.807
136.946
133.288
135.543
133.149
138.665
152.684
136.670
133.925
136.846
140.144
136.880
152.280
144.007
141.678
141.624
141.345
135.680
135.606
133.680
134.931
142.531
136.089
141.309
187.899
145.359
142.552
137.679
148.798
136.081
135.506
141.089
174.779
137.952
200.034
135.478
137.444
142.853
133.139
139.016
178.982
142.173
142.399
134.946
141.189
135.479
192.628
133.431
135.533
307.113
141.280
178.920
141.770
141.034
141.313
135.448
141.110
143.839
138.583
135.349
136.933
142.436
134.160
146.181
132.651
136.753
135.825
137.452
138.850
156.459
181.020
141.317
148.334
141.288
135.945
142.236
135.492
138.940
138.902
179.928
170.002
141.527
136.403
133.926
141.666
143.009
137.597
138.005
142.091
277.828
172.360
139.953
137.384
139.664
137.931
141.920
141.836
142.919
136.327
137.608
134.188
143.034
156.977
133.845
134.051
133.833
143.080
166.657
141.810
133.767
139.444
137.643
143.213
136.588
141.701
134.312
140.694
139.925
139.563
141.476
136.082
139.309
155.918
134.015
136.058
136.281
140.682
137.246
133.889
146.324
137.177
137.545
141.059
141.989
133.697
137.406
136.670
151.091
136.359
141.923
133.705
142.354
141.450
154.905
143.123
141.983
139.493
137.981
141.092
140.648
137.442
137.296
143.340
141.139
157.512
139.310
140.865
144.377
137.458
143.409
143.681
141.007
142.975
140.179
140.814
139.602
169.386
139.207
142.941
160.215
140.022
139.583
291.913
140.788
139.877
137.194
141.596
143.060
137.733
141.283
139.819
143.213
139.998
141.464
159.755
148.628
139.192
161.921
139.659
139.988
137.503
139.638
143.364
141.090
413.063
143.118
143.051
142.478
142.262
168.570
139.902
194.123
164.970
143.442
141.546
192.879
136.933
157.026
143.086
141.944
141.816
139.718
135.905
134.945
136.706
202.874
139.622
139.233
138.589
138.508
143.621
136.752
136.932
141.877
141.821
141.837
142.291
137.065
141.780
140.344
154.635
141.575
147.252
138.123
144.531
134.437
143.964
134.747
139.421
197.072
153.569
136.583
210.417
142.859
138.577
146.840
139.740
134.508
138.075
138.330
144.582
139.518
136.597
139.388
146.856
145.487
139.553
139.748
141.865
146.262
143.260
142.988
134.256
138.082
147.889
143.199
139.838
135.461
139.340
167.589
138.992
139.558
142.833
142.837
299.216
143.267
138.118
139.851
144.543
137.370
138.153
148.742
141.736
139.645
138.196
144.151
149.925
140.702
136.672
135.653
138.616
160.028
141.637
135.300
149.919
139.212
135.189
134.879
137.834
172.053
142.868
139.685
134.729
303.875
145.890
168.159
139.343
135.902
143.674
141.608
161.026
150.020
139.182
142.435
138.007
139.287
155.999
143.014
142.455
168.885
142.320
142.035
138.234
141.721
141.937
149.629
175.634
134.416
139.305
138.149
167.267
138.033
144.915
137.951
163.604
305.697
138.795
134.897
133.767
139.714
164.410
148.627
141.883
151.274
137.369
133.836
159.923
136.329
146.106
144.635
136.590
141.048
139.806
138.704
137.196
133.710
133.768
137.099
142.619
141.775
144.020
137.631
145.223
135.723
151.647
138.337
135.762
141.364
132.992
136.813
161.784
147.868
161.192
135.719
141.952
142.201
139.376
139.135
143.163
137.797
143.752
143.086
143.277
139.036
137.605
143.209
205.189
133.782
149.566
166.150
137.387
141.264
160.211
133.415
139.407
144.350
141.092
138.908
142.236
138.136
396.339
136.997
142.806
142.389
133.690
310.389
139.260
158.067
142.359
133.387
136.194
135.817
145.299
140.994
138.774
233.441
141.875
141.185
137.931
136.320
143.181
138.902
137.548
160.879
140.097
145.475
137.812
134.078
157.351
133.401
139.264
137.639
139.605
144.822
145.809
168.355
143.916
136.485
133.774
144.712
139.250
150.419
134.108
133.533
138.009
138.987
133.256
136.891
136.973
137.466
142.707
138.354
136.329
142.621
140.060
135.767
136.801
138.693
138.933
141.175
141.799
136.923
139.250
149.135
137.147
136.888
138.161
168.090
137.882
144.530
137.656
137.814
161.301
145.114
138.858
143.740
143.460
191.371
142.745
204.262
136.738
151.179
169.503
141.818
136.724
140.248
139.588
142.591
158.232
138.531
135.748
162.818
134.863
139.104
142.702
163.390
135.843
141.883
144.273
133.622
133.070
145.591
133.778
138.089
139.847
153.833
139.665
142.370
152.045
140.196
140.974
222.759
142.677
139.007
134.716
139.652
141.549
144.991
135.982
135.469
138.089
138.587
138.128
133.682
147.698
139.040
142.608
138.995
143.293
160.289
143.985
138.977
140.205
143.152
138.338
143.155
140.981
141.650
140.655
142.932
135.634
149.653
146.026
137.720
142.463
138.761
136.050
142.631
146.543
151.915
144.300
142.519
134.149
141.613
137.607
144.359
147.109
144.689
143.250
139.062
140.942
185.812
140.727
139.260
142.665
143.781
136.791
193.183
167.175
201.580
135.475
141.151
162.200
155.273
134.225
141.340
141.467
136.429
140.212
190.050
173.184
139.186
138.705
139.530
180.580
144.406
140.031
136.299
138.822
139.269
162.322
141.111
134.835
134.447
142.382
136.417
184.542
141.225
137.823
142.143
143.953
135.975
134.522
139.581
136.377
143.934
138.767
135.863
137.685
143.464
137.377
138.807
142.542
136.295
141.633
162.200
170.285
145.738
146.509
141.524
135.934
141.791
134.000
136.383
138.646
136.873
144.230
146.203
137.459
142.856
143.032
142.523
141.665
140.982
137.076
144.347
144.310
134.481
142.234
134.485
142.830
140.063
137.217
143.020
143.757
143.196
139.775
141.833
138.123
137.816
141.439
143.314
143.893
197.392
141.530
201.510
143.680
142.936
141.359
142.265
142.789
139.424
133.511
138.673
142.040
164.405
146.461
133.934
163.535
144.441
137.682
138.740
138.679
136.896
140.379
162.887
136.978
199.907
142.674
135.208
137.078
141.442
136.780
143.375
145.960
142.497
141.772
143.226
137.034
137.509
137.294
145.535
144.022
141.509
171.551
136.996
175.394
136.971
165.686
144.131
140.521
136.858
140.518
138.987
194.777
144.849
149.854
140.828
155.590
147.764
142.819
139.150
143.095
137.803
139.861
136.886
143.303
137.894
143.984
137.639
141.966
140.201
162.528
139.310
144.239
139.773
296.433
144.152
141.412
139.984
143.651
143.971
141.286
147.152
141.845
138.598
142.801
141.009
137.554
136.827
144.300
134.755
141.149
142.426
143.767
142.882
142.262
149.128
142.841
137.984
143.177
144.353
137.513
152.930
144.424
158.188
145.894
136.685
139.494
140.383
141.097
133.660
138.339
137.385
143.456
141.214
134.215
136.717
138.969
134.307
137.895
145.380
167.595
134.484
141.292
137.478
138.149
143.991
138.871
140.145
135.833
169.691
143.265
138.985
145.141
142.685
171.648
136.571
141.797
138.990
137.527
138.445
140.053
138.028
136.223
170.075
138.680
147.449
146.251
143.067
141.223
136.899
143.670
144.520
169.084
141.969
140.004
138.878
144.502
137.921
137.313
147.037
137.597
140.818
136.480
138.912
157.853
141.058
137.645
137.879
133.636
135.091
166.782
143.565
135.864
143.170
143.410
141.344
149.094
133.309
141.153
142.358
137.458
186.555
137.720
139.813
142.587
139.349
140.308
147.169
136.872
139.731
153.447
144.867
142.462
136.952
146.803
137.601
133.811
136.317
136.509
144.605
140.853
137.178
153.417
135.279
139.588
136.509
142.972
136.367
144.765
141.943
153.958
143.252
135.424
133.081
133.474
133.539
140.399
138.963
146.650
142.417
198.410
136.988
147.262
156.416
144.293
133.224
141.876
136.922
137.846
135.316
135.832
143.314
142.737
133.732
162.924
145.363
161.501
202.773
138.798
143.292
143.817
140.312
141.589
143.383
143.200
160.261
141.402
147.910
157.267
133.791
136.911
141.221
162.774
140.194
151.450
137.358
139.100
142.104
137.305
150.040
133.853
136.660
158.665
137.105
142.786
146.397
136.497
138.067
160.007
141.099
139.372
134.340
139.370
149.148
138.756
163.521
144.322
140.779
143.681
141.921
155.224
139.425
145.812
142.523
139.272
139.965
140.391
143.451
197.151
151.125
143.743
142.161
140.870
139.264
200.394
139.039
143.957
141.362
143.486
143.602
141.858
142.466
142.985
139.261
145.067
139.599
138.760
137.292
163.375
141.792
138.975
151.265
142.932
142.410
144.281
156.771
141.018
156.499
137.569
138.705
142.012
145.489
144.049
140.421
141.413
137.969
141.693
143.271
140.126
147.369
146.172
143.185
166.154
139.222
138.106
140.974
137.434
149.524
136.542
149.686
140.888
141.934
144.215
139.675
169.593
142.360
143.678
142.489
143.499
141.605
141.027
137.382
140.433
139.421
195.915
186.280
142.056
192.566
147.849
142.497
144.107
151.837
140.319
141.219
140.886
141.860
142.696
138.009
143.113
138.892
138.057
135.699
136.281
134.583
137.448
147.719
137.792
133.701
137.601
143.220
144.095
141.199
141.343
143.010
137.585
139.278
137.056
138.264
142.696
161.813
139.717
143.150
138.452
146.020
166.650
156.003
136.219
140.555
138.824
140.973
136.431
134.332
142.572
136.645
174.352
142.559
143.952
142.186
134.554
143.497
135.960
137.496
137.684
142.607
180.469
144.802
142.549
136.950
140.862
203.591
140.674
170.083
145.649
138.734
141.596
143.268
143.908
138.916
141.879
140.186
139.810
137.599
139.548
141.815
153.918
199.047
142.669
141.154
140.783
158.441
140.925
140.879
140.824
138.945
137.971
138.598
139.057
140.697
141.161
143.980
141.110
139.844
143.414
143.655
139.246
139.013
141.432
143.781
143.322
144.324
137.141
140.792
161.966
141.670
139.952
140.257
143.269
148.041
139.875
140.091
143.900
193.801
140.475
136.700
139.532
140.383
144.511
141.666
154.610
141.187
144.204
137.541
142.756
141.332
141.258
142.662
158.837
139.642
147.016
136.535
136.756
142.418
137.876
143.630
159.585
144.710
139.133
136.733
141.893
140.592
142.324
140.210
140.443
142.442
140.460
141.787
168.258
138.301
137.540
161.945
174.405
141.514
140.540
140.586
143.395
194.639
142.276
136.669
140.919
170.462
146.549
143.387
141.083
140.627
142.996
141.590
140.045
140.804
158.864
142.491
145.995
140.928
138.479
143.179
140.107
140.905
142.383
142.932
140.253
145.085
140.473
142.879
139.820
142.896
136.789
139.572
141.001
137.125
153.217
157.141
139.725
142.840
139.034
140.545
142.544
142.799
139.444
138.947
141.241
139.333
139.507
142.534
141.095
139.608
143.733
139.011
142.971
158.010
141.702
136.632
141.307
155.314
142.356
195.010
142.243
142.297
137.607
148.734
141.418
140.080
142.301
140.994
139.283
172.736
154.744
140.620
140.090
148.521
141.531
137.198
141.269
140.572
182.021
140.423
160.191
162.855
146.678
141.213
236.003
139.950
141.796
157.420
137.645
138.947
142.334
145.875
136.782
141.949
145.953
142.189
145.886
144.394
142.401
141.603
139.615
141.499
141.044
139.538
195.477
140.631
136.629
143.535
144.075
139.661
143.640
143.028
143.869
143.082
141.306
142.724
140.889
140.697
153.584
145.013
139.191
141.779
143.817
172.981
141.155
150.418
148.444
139.130
141.603
161.173
145.124
140.501
141.354
140.496
138.914
143.362
138.380
145.153
141.570
145.707
140.859
193.682
137.715
147.852
143.190
141.839
144.736
142.748
143.185
142.328
160.876
141.161
138.690
144.210
145.507
146.555
150.589
143.208
143.238
142.010
138.233
287.369
141.984
139.703
147.165
156.333
305.104
152.266
143.773
145.405
142.711
145.104
142.511
143.515
143.337
139.274
144.014
141.016
179.934
145.843
140.693
146.890
148.772
145.448
140.706
158.692
141.575
140.140
160.600
143.377
167.944
145.050
138.887
156.237
144.284
143.516
151.544
141.466
146.729
140.028
144.731
198.180
148.714
139.898
158.422
144.369
143.490
144.132
160.994
155.310
140.454
145.765
143.713
140.602
158.841
140.138
146.219
140.731
143.575
138.869
141.823
144.961
139.544
142.579
142.488
139.862
141.618
203.982
146.098
140.948
145.139
144.309
142.568
143.959
142.757
147.800
142.778
142.938
140.631
147.421
153.106
150.146
144.313
170.649
179.754
144.025
147.855
139.861
140.788
137.595
158.609
143.436
143.876
142.231
139.841
187.450
148.384
145.009
144.532
143.308
142.906
141.283
151.292
145.131
154.283
143.230
142.407
144.376
140.012
142.704
149.092
144.212
141.625
137.526
139.548
139.793
142.880
204.893
146.061
139.897
145.631
142.066
151.685
144.611
140.487
143.604
143.912
162.137
146.786
145.521
142.807
142.425
139.984
142.609
140.162
168.707
141.934
142.112
138.896
188.666
153.960
139.921
144.126
141.460
142.514
143.962
148.761
139.405
139.199
139.596
164.306
145.381
148.701
141.252
160.030
138.925
144.292
140.011
165.441
144.732
143.694
139.636
140.710
141.206
143.621
144.037
141.354
144.200
140.375
139.423
141.514
146.322
140.283
167.762
145.023
146.826
139.216
163.119
139.886
142.045
140.203
141.413
143.520
139.814
138.945
140.217
146.087
142.098
173.493
142.744
252.340
143.048
141.142
142.846
140.856
141.348
144.598
168.107
139.634
175.928
140.313
141.004
141.813
139.524
142.079
200.090
142.685
148.408
139.570
143.323
148.190
140.166
139.662
145.191
143.575
142.946
142.021
141.532
152.043
142.285
143.811
140.873
145.564
141.678
139.859
141.351
141.273
139.354
140.478
141.713
145.555
141.298
141.778
148.090
197.703
146.343
139.649
142.782
144.218
195.283
141.517
161.983
141.120
140.849
152.695
142.280
143.326
145.028
142.539
143.927
139.973
141.094
141.597
140.715
144.305
140.174
138.118
143.181
143.972
141.872
143.149
162.287
144.192
140.764
137.744
145.096
143.555
144.263
141.667
181.196
147.115
141.767
143.134
141.269
142.149
178.191
144.609
142.411
144.455
139.416
143.608
138.004
141.879
143.716
140.393
140.895
141.030
141.911
154.932
142.069
153.151
141.832
140.076
142.438
141.030
146.901
143.116
141.980
145.183
140.216
140.148
139.744
142.493
141.168
141.710
141.446
143.091
140.554
141.123
142.346
137.265
141.052
164.815
141.889
141.663
140.662
142.526
141.851
140.829
155.615
140.464
139.798
144.867
139.802
189.764
142.811
137.897
167.261
144.374
141.028
166.982
137.598
143.231
143.247
142.656
140.810
143.257
140.968
138.458
142.935
139.680
141.230
139.643
143.673
141.112
138.196
139.721
142.654
145.056
156.142
141.682
145.413
144.857
139.550
139.745
141.750
138.797
144.631
142.520
140.712
141.324
139.762
142.219
154.948
170.454
146.899
139.866
137.809
141.049
156.637
165.618
137.494
139.357
154.631
139.280
172.219
142.026
142.002
160.044
144.747
140.785
143.126
141.418
141.751
175.569
139.584
140.041
173.383
141.950
139.160
143.381
141.116
169.365
143.020
147.410
144.822
157.033
143.429
144.190
142.858
143.067
143.760
141.810
137.985
142.590
137.436
141.257
149.009
140.412
143.373
142.319
143.476
180.002
143.475
150.255
139.512
141.177
153.190
136.861
144.723
168.645
143.282
144.874
141.979
140.730
141.840
156.115
141.258
141.042
139.486
140.016
139.712
141.660
140.118
137.469
145.641
144.017
139.537
144.041
141.948
141.238
139.664
145.110
139.829
142.455
138.110
155.305
141.407
137.625
161.889
141.589
143.927
140.014
138.466
137.352
143.955
141.348
143.210
142.877
143.527
165.399
140.776
150.720
141.538
142.595
141.724
139.591
139.663
139.153
142.977
144.240
141.054
151.915
140.818
143.058
141.897
143.050
